run1: [-160725.36186801697, -160640.52565310703, -160512.01738646885, -159969.9801236566, -158359.46514250388, -146802.678853911, -108465.25383497999, -88952.26053090095, -84981.45763374591, -84655.35894425702, -83524.02466892515, -83977.53897715034]

run2: [-160736.8381012733, -160626.29682393215, -160532.31642915643, -160161.80681048206, -158714.9755061156, -146322.4705215596, -106302.58598682217, -87798.9469787558, -85900.34648678615, -85670.5326798175, -85025.26888946877, -84934.5332344705]

run3: [-160752.7699309148, -160624.6538411852, -160479.74796497327, -159969.20061283163, -158496.04546702345, -146237.99995016764, -112301.40592177404, -92771.56382549039, -86772.16941806037, -84787.10823428896, -84239.78581701702, -83652.12320537391]

run4: [-160706.6048257205, -160543.1398177389, -160422.4579786048, -159921.35679998554, -157660.83010478856, -145021.9688509871, -105941.64727850282, -89177.80315027115, -84686.03336269755, -84171.46004669867, -84240.22020550747, -84454.04736844958]